0
0.0754742
0.0574895
0.0374752
0.171089
0.0185263
0.0752425
0.101202
0.133882
0.223303
0.0281539
0.064689
0.0709916
0.109199
0.0927947
0.12525
0.0635847
0.0272707
0.107219
0.131894
0.146696
0.108637
0.065671
0.0374728
0.146398
0.0387969
0.14536
0.0693619
0.027959
0.0647738
0.0248928
0.0257481
0.0651861
0.0608395
0.0506466
0.133493
0.0307361
0.0486765
0.0537581
0.113974
0.114478
0.0251003
0.0442683
0.101317
0.037566
0.133757
0.0376219
0.0939432
0.0537178
0.126577
0.0445456
0.124905
0.072711
0.0704073
0.0201148
0.109754
0.097958
0.139562
0.0692995
0.0688818
0.0631928
0.111871
0.0841298
0.0641312
0.0399629
0.057902
0.09332
0.13484
0.0309811
0.0441382
0.0950717
0.0673908
0.0809657
0.0352402
0.0517436
0.110484
0.0778548
0.070086
0.0275306
0.115519
0.0183753
0.104767
0.0443427
0.103182
0.0691194
0.175184
0.0296287
0.0760591
0.0974745
0.12134
0.0636663
0.0707759
0.0863992
0.099289
0.0934363
0.0779098
0.0835031
0.0646884
0.12377
0.0343424
0.0252119
0.113941
0.0429552
0.0792587
0.0434206
0.105399
0.0555424
0.14073
0.0433856
0.116158
0.0572179
0.0918662
0.0438812
0.0886551
0.0828664
0.152123
0.0379855
0.0935966
0.0363329
0.0915267
0.036213
0.118279
0.00503293
0.0578205
0.0193221
0.0722164
0.0291266
0.145403
0.464084
0.118468
0.0330536
0.0792904
0.0389725
0.102313
0.0555989
0.10133
0.0292441
0.107001
0.0670529
0.0720474
0.0675267
0.0911666
0.11495
0.0726477
0.103818
0.0473706
0.177704
0.0543763
0.0253366
0.107694
0.102541
0.0919651
0.0925019
0.0571006
0.117821
0.0879816
0.0896856
0.0552936
0.0839248
0.0489225
0.0917461
0.0613189
0.113582
0.0830955
0.0611035
0.099226
0.0446261
0.132798
0.065912
0.10887
0.104409
0.0336245
0.115371
0.0433439
0.110077
0.0318537
0.0750718
0.0680471
0.0961143
0.0513424
0.0381759
0.0979298
0.0543584
0.119131
0.0417561
0.123836
0.0172008
0.148267
0.0381674
0.145363
0.0832435
0.101096
0.0658569
0.1212
0.126171
0.069285
0.098216
0.0905175
0.127264
0.0382198
0.121147
0.0412618
0.107929
0.049199
0.116847
0.123714
0.0602894
0.0785789
0.10516
0.0759354
0.0965421
0.094167
0.0637884
0.121583
0.0441744
0.110295
0.0403807
0.138996
0.0134105
0.15587
0.0633099
0.0755323
0.115501
0.031682
0.136332
0.0338834
0.120797
0.135745
0.0373032
0.152194
0.0725273
0.11012
0.101565
0.0885777
0.0871939
0.083643
0.126903
0.0438274
0.122196
0.0442774
0.115224
0.0724129
0.0794787
0.117341
0.0669334
0.121236
0.0478681
0.144834
0.0507172
0.148839
0.111946
0.124129
0.159564
0.0664204
0.146929
0.0413127
0.122434
0.0880042
0.139533
0.116634
0.0952439
0.122362
0.0819785
0.122438
0.0418314
0.111269
0.0479379
0.121142
0.0557069
0.122884
0.0965509
0.0779043
0.0991812
0.0818372
0.134803
0.0263402
0.137482
0.0513831
0.116708
0.0608234
0.13117
0.0879936
0.0784832
0.122194
0.0725242
0.107623
0.0467239
0.126755
0.0217655
0.138856
0.0354835
0.113353
0.0621139
0.140817
0.0374131
0.130422
0.0653314
0.108748
0.0758267
0.106096
0.113921
0.0709957
0.139842
0.0302901
0.0980413
0.035068
0.132662
0.11395
0.060383
0.139123
0.0396826
0.13335
0.0379483
0.134438
0.0648239
0.0996301
0.0716701
0.102111
0.116287
0.0385329
0.10705
0.0539408
0.128272
0.040231
0.110991
0.105339
0.248037
0.153851
0.232156
0.0754331
0.0328115
0.111011
0.155756
0.145181
0.0860636
0.105596
0.105194
0.0676854
0.05977
0.0593105
0.110298
0.0758452
0.112532
0.102971
0.050498
0.0344694
0.102886
0.0516591
0.139718
0.106519
0.0758907
0.126206
0.06328
0.0684652
0.0571377
0.079255
0.0773687
0.0918959
0.0476437
0.0442995
0.0570067
0.0431016
0.107714
0.0363198
0.0511539
0.0619171
0.0854676
0.0276608
0.0446642
0.0845808
0.0402914
0.115077
0.0184889
0.102275
0.336693
0.314459
0.0133777
0.0952693
0.0545352
0.0543816
0.03439
0.0702805
0.0815526
0.10946
0.0582442
0.0823082
0.0646885
0.106185
0.0381493
0.0881135
0.0445157
0.0787593
0.0434643
0.0971593
0.0305348
0.111335
0.0376286
0.0348392
0.111413
0.0594528
0.0707452
0.0675252
0.093933
0.0859577
0.0703744
0.0699906
0.0759063
0.0834498
0.0721982
0.0582536
0.0542792
0.0697715
0.0519255
0.0789656
0.0880758
0.131507
0.0519368
0.09142
0.0514776
0.0904056
0.0268512
0.15348
0.13607
0.0941226
0.0679288
0.0918333
0.0440999
0.0848721
0.0278524
0.0859719
0.0299088
0.0831818
0.0427328
0.0879503
0.0493797
0.116429
0.0390456
0.101975
0.0183428
0.103606
0.0181597
0.11917
0.0418485
0.114256
0.0584452
0.0832579
0.0994785
0.0537061
0.0840511
0.0744441
0.10139
0.0395157
0.0899751
0.0578361
0.089636
0.0375766
0.101425
0.031329
0.101711
0.0448396
0.110525
0.0427823
0.0824672
0.0456437
0.0784979
0.067753
0.0550055
0.0942199
0.0457723
0.107854
0.0619829
0.0737165
0.0783871
0.0727931
0.121762
0.0391245
0.100921
0.035445
0.0944375
0.0657661
0.0728476
0.0858865
0.0974453
0.0216395
0.134198
0.0604717
0.104505
0.0303413
0.113114
0.0374443
0.120325
0.0376048
0.105472
0.0379576
0.0728035
0.053693
0.157265
0.0492248
0.109497
0.0412169
0.102713
0.0815473
0.056272
0.0392359
0.112594
0.0646883
0.0757912
0.0448725
0.115434
0.0540284
0.100324
0.0774646
0.0733958
0.111948
0.0461704
0.0902648
0.0813549
0.0755201
0.0766603
0.0258388
0.108159
0.050538
0.0880711
0.0838317
0.0988906
0.103927
0.058555
0.090503
0.036836
0.103686
0.0460519
0.13234
0.0260065
0.0996179
0.0832792
0.0854763
0.0913954
0.0763864
0.103956
0.0514609
0.133084
0.0440077
0.120187
0.0491866
0.0979477
0.0915514
0.066684
0.1096
0.0542352
0.148926
0.103498
0.0895453
0.143527
0.0354515
0.119356
0.0377257
0.133076
0.0333839
0.108777
0.0792396
0.0751698
0.116521
0.0431107
0.0783351
0.0434676
0.135701
0.0577483
0.11824
0.101293
0.0676479
0.105919
0.0602955
0.118335
0.0230835
0.115914
0.0588674
0.117942
0.0624719
0.105809
0.0958203
0.0970146
0.159809
0.0487852
0.136391
0.088049
0.343088
0.316242
0.241032
0.0400594
0.146197
0.182416
0.262516
0.0414305
0.0963552
0.0426262
0.062271
0.0553161
0.189478
0.0519857
0.0738465
0.129542
0.0455203
0.102534
0.0694749
0.100785
0.0357527
0.105604
0.0681575
0.038088
0.0545205
0.11348
0.0491644
0.152866
0.0689145
0.106274
0.0461596
0.100859
0.0331875
0.122527
0.0343335
0.0710617
0.0554711
0.107431
0.0617905
0.124325
0.0755393
0.113846
0.0252827
0.115206
0.038196
0.115424
0.0577897
0.0894951
0.109364
0.0399036
0.118394
0.0305013
0.102851
0.0600504
0.123532
0.0747057
0.0913463
0.0790092
0.058353
0.0828458
0.0665917
0.0892909
0.0709904
0.0881395
0.0433293
0.0647531
0.0778501
0.0875304
0.0640546
0.07914
0.0996488
0.091867
0.0681113
0.102027
0.0851517
0.12835
0.0710586
0.122595
0.0959591
0.0742126
0.0769921
0.0886348
0.116251
0.0515867
0.109769
0.0433352
0.0933429
0.0491947
0.115146
0.0258013
0.105081
0.0525905
0.127697
0.0441295
0.121001
0.0324911
0.145369
0.0612347
0.117422
0.0556448
0.0967512
0.121693
0.0424632
0.134007
0.0449862
0.12706
0.0577515
0.115581
0.107885
0.0560133
0.108777
0.0697227
0.16984
0.0720243
0.166129
0.181604
0.147523
0.144789
0.220008
0.23593
0.303407
0.261142
0.0756221
0.155215
0.149665
0.0695301
0.180563
0.0648618
0.140522
0.0693739
0.0502841
0.0611158
0.148629
0.0768803
0.0833841
0.112817
0.0539113
0.0575209
0.0363748
0.081187
0.0485224
0.167048
0.0260349
0.0625865
0.0504775
0.114909
0.0598659
0.0947405
0.0251229
0.102451
0.0498534
0.0964079
0.0318619
0.133536
0.0284733
0.105358
0.0452219
0.119653
0.0640966
0.12618
0.0978651
0.0768121
0.145813
0.0252626
0.143108
0.0382326
0.121364
0.0429758
0.10162
0.100597
0.10312
0.150598
0.0247679
0.129766
0.0408324
0.151306
0.0650491
0.127716
0.123815
0.0666998
0.153775
0.0461352
0.15266
0.0605462
0.168837
0.136459
0.0558336
0.141038
0.0320957
0.122135
0.0728743
0.0918559
0.155979
0.0114714
0.114915
0.0442921
0.111894
0.142434
0.0410612
0.123018
0.0362215
0.138812
0.102007
0.0790276
0.111674
0.0314781
0.136417
0.0427543
0.106434
0.110097
0.0344862
0.154197
0.0865702
0.114002
0.136587
0.0436287
0.120668
0.165835
0.0404086
0.113431
0.031871
0.142653
0.0519305
0.11353
0.0939583
0.0725646
0.115084
0.0384945
0.107729
0.0830556
0.121104
0.130123
0.0655795
0.137284
0.0313317
0.122464
0.0333352
0.127634
0.0440742
0.14801
0.0886923
0.0996135
0.132746
0.0537433
0.120778
0.126778
0.0776456
0.133997
0.0369758
0.162064
0.109731
0.0796238
0.14377
0.0308226
0.103488
0.026296
0.12576
0.0800829
0.110046
0.1277
0.055494
0.116333
0.030103
0.130357
0.0520583
0.121724
0.10894
0.0563971
0.150428
0.0249335
0.159316
0.0868378
0.114694
0.159091
0.0356223
0.128633
0.0670482
0.0924982
0.099952
0.0794669
0.140819
0.048693
0.11955
0.0332771
0.140742
0.0808966
0.110753
0.0740764
0.0989409
0.0689018
0.068475
0.131256
0.0265559
0.169906
0.0395005
0.129088
0.0800328
0.349201
0.0996021
0.0855765
0.135157
0.1058
0.0712024
0.192388
0.0671769
0.151134
0.0976431
0.0705068
0.173868
0.0307848
0.129702
0.066426
0.0743149
0.109825
0.0338111
0.0969114
0.0773124
0.0995833
0.0399134
0.115472
0.0350256
0.0484424
0.0978876
0.123312
0.0195198
0.0566917
0.141007
0.0763694
0.0956919
0.0855802
0.100106
0.0524
0.122268
0.0667982
0.137857
0.0624694
0.0934315
0.0757367
0.125063
0.0812434
0.114471
0.0735365
0.12717
0.120991
0.0557198
0.0989328
0.0757793
0.129426
0.0621924
0.100595
0.116574
0.0535902
0.121144
0.0328856
0.102372
0.0814047
0.110197
0.1025
0.0576241
0.0934015
0.0611397
0.103505
0.058034
0.108521
0.0478374
0.108425
0.0223589
0.0674941
0.060314
0.0983716
0.0618139
0.115869
0.0310282
0.112887
0.0303515
0.115483
0.0525518
0.130647
0.0742365
0.130899
0.104839
0.0915601
0.0629827
0.0868376
0.0986966
0.0369504
0.125951
0.0202948
0.122987
0.105915
0.0198668
0.110614
0.0651877
0.0758839
0.110202
0.018329
0.119744
0.0836913
0.0964028
0.133172
0.0525226
0.0903897
0.06307
0.107736
0.12748
0.0366192
0.11186
0.0812569
0.0722672
0.0695636
0.0817334
0.0627185
0.0748225
0.0488012
0.137947
0.104567
0.0830964
0.0791366
0.0837119
0.130458
0.0443248
0.159524
0.305663
3.34114
0.90808
0.210503
0.614132
3.55259
0.479553
0.571251
0.17131
0.0601409
0.189808
0.148819
0.102638
0.0181797
0.0148404
0.0515724
0.121921
0.128398
0.0645863
0.106375
0.0795284
0.0287061
0.12861
0.0885517
0.0951646
0.0399301
0.105678
0.0424312
0.198061
0.0228433
0.0916448
0.059083
0.119657
0.0659011
0.147978
0.066193
0.0779849
0.066822
0.0944008
0.137591
0.0377864
0.0823274
0.0558513
0.173848
0.0829317
0.167884
0.0352534
0.12201
0.107053
0.0744177
0.167768
0.0213125
0.160838
0.115368
0.064467
0.130449
0.0653983
0.136099
0.0208039
0.130585
0.0401001
0.104466
0.0606098
0.0893917
0.104432
0.0362258
0.0907735
0.102798
0.0909901
0.0909176
0.0788191
0.116635
0.066386
0.170333
0.114566
0.110417
0.15083
0.0493561
0.153639
0.0323284
0.159872
0.0658789
0.153887
0.0531629
0.147981
0.0283135
0.180971
0.0611214
0.117778
0.100159
0.113636
0.0953625
0.108013
0.142015
0.0566119
0.0942326
0.0554712
0.120476
0.17902
0.0570223
0.143604
0.0629808
0.117273
0.0342158
0.1009
0.0883034
0.0821394
0.10142
0.0279142
0.100072
0.0381997
0.119549
0.0431818
0.13133
0.0301734
0.104841
0.0452237
0.12464
0.0907755
0.0889669
0.0557324
0.119546
0.0965952
0.100359
0.0870297
0.0998972
0.11234
0.0505367
0.0858829
0.0686281
0.143786
0.0321942
0.135804
0.0192472
0.113429
0.0506568
0.114752
0.0347664
0.128228
0.0386945
0.135097
0.0613168
0.10931
0.0806063
0.102806
0.138892
0.0889341
0.141134
0.0526043
0.13633
0.0624958
0.103561
0.0953314
0.0753578
0.075933
0.0956076
0.112079
0.03131
0.0507956
0.109512
0.0870944
0.069548
0.0475025
0.106863
0.0597832
0.194674
0.159716
0.226704
0.155764
0.0809894
0.106585
0.174765
0.198389
0.0959975
0.0906907
0.138507
0.0462666
0.0581859
0.0672078
0.102921
0.0851149
0.0818266
0.166058
0.0478928
0.0430428
0.0534605
0.0792575
0.0373875
0.171197
0.0267877
0.0748459
0.0595691
0.140651
